49
48
49
48
49
48
106
49
48
106
49
48
106
107
107
107
49
48
107
49
53
107
51
48
106
258
258
108
108
108
108
36
36
36
106
48
48
36
258
106
107
108
108
48
94
48
48
36
105
100
100
102
263
27
94
36
258
258
258
107
106
107
108
108
106
36
258
106
36
105
100
100
100
263
263
27
108
108
104
106
107
36
48
36
258
106
36
48
106
106
107
107
106
106
108
108
108
48
94
36
104
106
105
100
100
100
100
27
107
106
108
108
106
104
104
104
104
108
108
108
108
108
108
108
108
108
108
108
108
108
104
104
104
104
104
104
104
104
104
104
106
108
108
36
97
100
100
100
100
27
258
258
106
108
108
50
48
106
106
